10 25
10 26
10 27
10 28
10 29
10 30
10 31
10 32
10 33
10 34
11 25
11 26
11 27
11 28
11 29
11 30
11 31
11 32
11 33
11 34
12 25
12 26
12 27
12 28
12 29
12 30
12 31
12 32
12 33
12 34
13 25
13 26
13 27
13 28
13 29
13 30
13 31
13 32
13 33
13 34
14 25
14 26
14 27
14 28
14 29
14 30
14 31
14 32
14 33
14 34
15 25
15 26
15 27
15 28
15 29
15 30
15 31
15 32
15 33
15 34
16 25
16 26
16 27
16 28
16 29
16 30
16 31
16 32
16 33
16 34
17 25
17 26
17 27
17 28
17 29
17 30
17 31
17 32
17 33
17 34
18 25
18 26
18 27
18 28
18 29
18 30
18 31
18 32
18 33
18 34
19 25
19 26
19 27
19 28
19 29
19 30
19 31
19 32
19 33
19 34
35 25
35 26
35 27
35 28
35 29
35 30
35 31
35 32
35 33
35 34
36 25
36 26
36 27
36 28
36 29
36 30
36 31
36 32
36 33
36 34
37 25
37 26
37 27
37 28
37 29
37 30
37 31
37 32
37 33
37 34
38 25
38 26
38 27
38 28
38 29
38 30
38 31
38 32
38 33
38 34
39 25
39 26
39 27
39 28
39 29
39 30
39 31
39 32
39 33
39 34
40 25
40 26
40 27
40 28
40 29
40 30
40 31
40 32
40 33
40 34
41 25
41 26
41 27
41 28
41 29
41 30
41 31
41 32
41 33
41 34
42 25
42 26
42 27
42 28
42 29
42 30
42 31
42 32
42 33
42 34
43 25
43 26
43 27
43 28
43 29
43 30
43 31
43 32
43 33
43 34
44 25
44 26
44 27
44 28
44 29
44 30
44 31
44 32
44 33
44 34
5 40
5 41
5 42
5 43
5 44
5 45
5 46
5 47
5 48
5 49
6 40
6 41
6 42
6 43
6 44
6 45
6 46
6 47
6 48
6 49
7 40
7 41
7 42
7 43
7 44
7 45
7 46
7 47
7 48
7 49
8 40
8 41
8 42
8 43
8 44
8 45
8 46
8 47
8 48
8 49
9 40
9 41
9 42
9 43
9 44
9 45
9 46
9 47
9 48
9 49
10 40
10 41
10 42
10 43
10 44
10 45
10 46
10 47
10 48
10 49
11 40
11 41
11 42
11 43
11 44
11 45
11 46
11 47
11 48
11 49
12 40
12 41
12 42
12 43
12 44
12 45
12 46
12 47
12 48
12 49
13 40
13 41
13 42
13 43
13 44
13 45
13 46
13 47
13 48
13 49
14 40
14 41
14 42
14 43
14 44
14 45
14 46
14 47
14 48
14 49
20 40
20 41
20 42
20 43
20 44
20 45
20 46
20 47
20 48
20 49
21 40
21 41
21 42
21 43
21 44
21 45
21 46
21 47
21 48
21 49
22 40
22 41
22 42
22 43
22 44
22 45
22 46
22 47
22 48
22 49
23 40
23 41
23 42
23 43
23 44
23 45
23 46
23 47
23 48
23 49
24 40
24 41
24 42
24 43
24 44
24 45
24 46
24 47
24 48
24 49
25 40
25 41
25 42
25 43
25 44
25 45
25 46
25 47
25 48
25 49
26 40
26 41
26 42
26 43
26 44
26 45
26 46
26 47
26 48
26 49
27 40
27 41
27 42
27 43
27 44
27 45
27 46
27 47
27 48
27 49
28 40
28 41
28 42
28 43
28 44
28 45
28 46
28 47
28 48
28 49
29 40
29 41
29 42
29 43
29 44
29 45
29 46
29 47
29 48
29 49
40 40
40 41
40 42
40 43
40 44
40 45
40 46
40 47
40 48
40 49
41 40
41 41
41 42
41 43
41 44
41 45
41 46
41 47
41 48
41 49
42 40
42 41
42 42
42 43
42 44
42 45
42 46
42 47
42 48
42 49
43 40
43 41
43 42
43 43
43 44
43 45
43 46
43 47
43 48
43 49
44 40
44 41
44 42
44 43
44 44
44 45
44 46
44 47
44 48
44 49
45 40
45 41
45 42
45 43
45 44
45 45
45 46
45 47
45 48
45 49
46 40
46 41
46 42
46 43
46 44
46 45
46 46
46 47
46 48
46 49
47 40
47 41
47 42
47 43
47 44
47 45
47 46
47 47
47 48
47 49
48 40
48 41
48 42
48 43
48 44
48 45
48 46
48 47
48 48
48 49
49 40
49 41
49 42
49 43
49 44
49 45
49 46
49 47
49 48
49 49
